location
x: 0.511055 m
y: -0.650001 m
z: 1.6569 m

rotation
x:0
y:-10
z:0
